4533 5333 6133
574 972
1200 4728
1486 1841
2175 2328
2221 2241
2221 2553
2221 2288
2267 5524
2275 2579
2322 2737
2322 2658
2322 2609
2381 4060
2392 4223
3576 3635
3984 4137
3984 5325
3984 6064
3987 4422
3987 5237
3990 4379
3990 4221
3990 4284
3991 6053
3991 4255
3991 4305
3994 5305
3996 5319
3996 4220
3996 4119
3998 4186
3998 4256
3998 6023
4004 4520
4004 4461
4004 6058
4007 4073
4007 4357
4010 5952
4011 4136
4011 4470
4011 6118
4033 4466
4042 4394
4042 4322
4042 5241
4046 4260
4046 4126
4046 4233
4047 4367
4051 4459
4051 6045
4062 4346
4062 4403
4063 5250
4076 5327
4078 5256
4088 6121
4092 6036
4092 4392
4092 4245
4095 6047
4095 6114
4095 6123
4118 4202
4118 5315
4118 4522
4148 4524
4151 5219
4151 6068
4151 5321
4163 6115
4166 5260
4166 4272
4179 4468
4179 4517
4179 5322
4192 4296
4209 4307
4214 4243
4234 5309
4234 4526
4244 4465
4244 5232
4276 5246
4365 5308
4376 4529
4376 5283
4376 6084
4384 4491
4419 5293
4971 4972
5236 5238
5318 6081
5576 5714
5839 5854
6037 6117
