8000 9000 10000
112 190
125 5993
175 2938
175 7473
271 1460
352 4888
389 535
433 7836
711 5399
789 6882
918 8153
944 1510
1015 5815
1133 7082
1245 5098
1259 5994
1264 7904
1481 8431
1484 5259
1725 4184
1771 8505
1784 2842
1786 2638
1791 2462
1912 2757
2187 6710
2187 6861
2213 4032
2239 4669
2267 8963
2314 3192
2330 9021
2349 4896
2401 3973
2619 4401
2647 9592
2714 4971
2729 9999
2758 5218
2867 5585
3422 3652
3515 5186
3712 7872
3842 7634
3867 6817
3867 7091
3921 4439
4255 7067
4420 9069
4507 4641
4760 8675
4791 6003
4821 5096
4846 5753
4926 9040
5148 8727
5687 8350
6086 6339
6116 8304
6252 8677
6311 7143
6424 8478
7117 8821
7360 8612
7442 7948
8285 8444
8670 8975
9313 9920
9605 9915
